##TITLE=Parameter List, ParaVision 6.0
##JCAMPDX=4.24
##DATATYPE=Parameter Values
##ORIGIN=Bruker BioSpin MRI GmbH
##OWNER=mri
$$ 2017-03-17 14:59:41 +0100  mri@pharmascan70
$$ /opt/PV6.0/data/mri/20170317_143243_5704_1_6/11/visu_pars
$$ process /opt/PV6.0/prog/mod/acq_out
##$VisuVersion=3
##$VisuUid=( 65 )
<2.16.756.5.5.100.9223372038926637916.18763.1489759181.1>
##$VisuCreator=( 65 )
<ParaVision>
##$VisuCreatorVersion=( 65 )
<6.0>
##$VisuCreationDate=<2017-03-17T14:59:41,228+0100>
##$VisuInstanceModality=( 65 )
<MR>
##$VisuCoreFrameCount=30
##$VisuCoreDim=2
##$VisuCoreSize=( 2 )
180 120
##$VisuCoreDimDesc=( 2 )
spatial spatial
##$VisuCoreExtent=( 2 )
13.5 9
##$VisuCoreFrameThickness=( 1 )
0.45
##$VisuCoreUnits=( 2, 65 )
<mm> <mm>
##$VisuCoreOrientation=( 30, 9 )
0.999946435936525 0.010180508660177 -0.00186614609890943 -0.0102772653195019 
0.997991333777543 -0.0625114031395241 0.00122599975325258 0.0625272336533416 
0.998042505094979 0.999946435936525 0.010180508660177 -0.00186614609890943 
-0.0102772653195019 0.997991333777543 -0.0625114031395241 0.00122599975325258 
0.0625272336533416 0.998042505094979 0.999946435936525 0.010180508660177 
-0.00186614609890943 -0.0102772653195019 0.997991333777543 
-0.0625114031395241 0.00122599975325258 0.0625272336533416 0.998042505094979 
0.999946435936525 0.010180508660177 -0.00186614609890943 -0.0102772653195019 
0.997991333777543 -0.0625114031395241 0.00122599975325258 0.0625272336533416 
0.998042505094979 0.999946435936525 0.010180508660177 -0.00186614609890943 
-0.0102772653195019 0.997991333777543 -0.0625114031395241 0.00122599975325258 
0.0625272336533416 0.998042505094979 0.999946435936525 0.010180508660177 
-0.00186614609890943 -0.0102772653195019 0.997991333777543 
-0.0625114031395241 0.00122599975325258 0.0625272336533416 0.998042505094979 
0.999946435936525 0.010180508660177 -0.00186614609890943 -0.0102772653195019 
0.997991333777543 -0.0625114031395241 0.00122599975325258 0.0625272336533416 
0.998042505094979 0.999946435936525 0.010180508660177 -0.00186614609890943 
-0.0102772653195019 0.997991333777543 -0.0625114031395241 0.00122599975325258 
0.0625272336533416 0.998042505094979 0.999946435936525 0.010180508660177 
-0.00186614609890943 -0.0102772653195019 0.997991333777543 
-0.0625114031395241 0.00122599975325258 0.0625272336533416 0.998042505094979 
0.999946435936525 0.010180508660177 -0.00186614609890943 -0.0102772653195019 
0.997991333777543 -0.0625114031395241 0.00122599975325258 0.0625272336533416 
0.998042505094979 0.999946435936525 0.010180508660177 -0.00186614609890943 
-0.0102772653195019 0.997991333777543 -0.0625114031395241 0.00122599975325258 
0.0625272336533416 0.998042505094979 0.999946435936525 0.010180508660177 
-0.00186614609890943 -0.0102772653195019 0.997991333777543 
-0.0625114031395241 0.00122599975325258 0.0625272336533416 0.998042505094979 
0.999946435936525 0.010180508660177 -0.00186614609890943 -0.0102772653195019 
0.997991333777543 -0.0625114031395241 0.00122599975325258 0.0625272336533416 
0.998042505094979 0.999946435936525 0.010180508660177 -0.00186614609890943 
-0.0102772653195019 0.997991333777543 -0.0625114031395241 0.00122599975325258 
0.0625272336533416 0.998042505094979 0.999946435936525 0.010180508660177 
-0.00186614609890943 -0.0102772653195019 0.997991333777543 
-0.0625114031395241 0.00122599975325258 0.0625272336533416 0.998042505094979 
0.999946435936525 0.010180508660177 -0.00186614609890943 -0.0102772653195019 
0.997991333777543 -0.0625114031395241 0.00122599975325258 0.0625272336533416 
0.998042505094979 0.999946435936525 0.010180508660177 -0.00186614609890943 
-0.0102772653195019 0.997991333777543 -0.0625114031395241 0.00122599975325258 
0.0625272336533416 0.998042505094979 0.999946435936525 0.010180508660177 
-0.00186614609890943 -0.0102772653195019 0.997991333777543 
-0.0625114031395241 0.00122599975325258 0.0625272336533416 0.998042505094979 
0.999946435936525 0.010180508660177 -0.00186614609890943 -0.0102772653195019 
0.997991333777543 -0.0625114031395241 0.00122599975325258 0.0625272336533416 
0.998042505094979 0.999946435936525 0.010180508660177 -0.00186614609890943 
-0.0102772653195019 0.997991333777543 -0.0625114031395241 0.00122599975325258 
0.0625272336533416 0.998042505094979 0.999946435936525 0.010180508660177 
-0.00186614609890943 -0.0102772653195019 0.997991333777543 
-0.0625114031395241 0.00122599975325258 0.0625272336533416 0.998042505094979 
0.999946435936525 0.010180508660177 -0.00186614609890943 -0.0102772653195019 
0.997991333777543 -0.0625114031395241 0.00122599975325258 0.0625272336533416 
0.998042505094979 0.999946435936525 0.010180508660177 -0.00186614609890943 
-0.0102772653195019 0.997991333777543 -0.0625114031395241 0.00122599975325258 
0.0625272336533416 0.998042505094979 0.999946435936525 0.010180508660177 
-0.00186614609890943 -0.0102772653195019 0.997991333777543 
-0.0625114031395241 0.00122599975325258 0.0625272336533416 0.998042505094979 
0.999946435936525 0.010180508660177 -0.00186614609890943 -0.0102772653195019 
0.997991333777543 -0.0625114031395241 0.00122599975325258 0.0625272336533416 
0.998042505094979 0.999946435936525 0.010180508660177 -0.00186614609890943 
-0.0102772653195019 0.997991333777543 -0.0625114031395241 0.00122599975325258 
0.0625272336533416 0.998042505094979 0.999946435936525 0.010180508660177 
-0.00186614609890943 -0.0102772653195019 0.997991333777543 
-0.0625114031395241 0.00122599975325258 0.0625272336533416 0.998042505094979 
0.999946435936525 0.010180508660177 -0.00186614609890943 -0.0102772653195019 
0.997991333777543 -0.0625114031395241 0.00122599975325258 0.0625272336533416 
0.998042505094979 0.999946435936525 0.010180508660177 -0.00186614609890943 
-0.0102772653195019 0.997991333777543 -0.0625114031395241 0.00122599975325258 
0.0625272336533416 0.998042505094979 0.999946435936525 0.010180508660177 
-0.00186614609890943 -0.0102772653195019 0.997991333777543 
-0.0625114031395241 0.00122599975325258 0.0625272336533416 0.998042505094979
##$VisuCorePosition=( 30, 3 )
-6.69926950382704 -6.23786453525375 -6.65290764721231 -6.69871780393807 
-6.20972728010975 -6.20378851991957 -6.69816610404911 -6.18159002496574 
-5.75466939262683 -6.69761440416015 -6.15345276982174 -5.30555026533409 
-6.69706270427118 -6.12531551467773 -4.85643113804135 -6.69651100438222 
-6.09717825953373 -4.40731201074861 -6.69595930449325 -6.06904100438973 
-3.95819288345587 -6.69540760460429 -6.04090374924572 -3.50907375616313 
-6.69485590471533 -6.01276649410172 -3.05995462887039 -6.69430420482636 
-5.98462923895772 -2.61083550157764 -6.6937525049374 -5.95649198381371 
-2.1617163742849 -6.69320080504844 -5.92835472866971 -1.71259724699216 
-6.69264910515947 -5.9002174735257 -1.26347811969942 -6.69209740527051 
-5.8720802183817 -0.814358992406682 -6.69154570538155 -5.8439429632377 
-0.365239865113942 -6.69099400549258 -5.81580570809369 0.0838792621787988 
-6.69044230560362 -5.78766845294969 0.532998389471539 -6.68989060571465 
-5.75953119780569 0.98211751676428 -6.68933890582569 -5.73139394266168 
1.43123664405702 -6.68878720593673 -5.70325668751768 1.88035577134976 
-6.68823550604776 -5.67511943237367 2.3294748986425 -6.6876838061588 
-5.64698217722967 2.77859402593524 -6.68713210626984 -5.61884492208567 
3.22771315322798 -6.68658040638087 -5.59070766694166 3.67683228052072 
-6.68602870649191 -5.56257041179766 4.12595140781346 -6.68547700660295 
-5.53443315665366 4.5750705351062 -6.68492530671398 -5.50629590150965 
5.02418966239895 -6.68437360682502 -5.47815864636565 5.47330878969169 
-6.68382190693605 -5.45002139122164 5.92242791698443 -6.68327020704709 
-5.42188413607764 6.37154704427717
##$VisuCoreDataMin=( 30 )
15.3258099067491 12.7913704376668 13.959333098767 6.44897966590937 
13.7552820676387 6.18152862935763 14.7570003968795 8.97077208298416 
22.3938506602118 21.9101541573583 16.657456367722 16.8073441870858 
17.6301740575212 25.0525547389507 31.3422394865018 4.66579738896361 
21.4859695945762 22.5351744461421 9.5121159662726 15.1332876982093 
22.3791576052394 14.1481155389669 17.2596591344969 22.2301393710942 
9.96682084998009 7.00124433408755 8.31886898045163 12.9128978799194 
6.72023037053956 12.9888053032916
##$VisuCoreDataMax=( 30 )
13187.2678841033 14604.6717776886 16807.5320829182 16435.1385241109 
16975.7720703741 16488.3259658958 17437.5388634312 21882.2654707825 32766.5 
13918.6970796426 15949.3960648728 13730.504407121 16556.6722052744 
17156.6789157986 14105.1985228469 16190.9987048467 15607.922485729 
14038.5419995435 17160.9450126972 14712.7560269568 13553.2253513934 
13119.4796245093 12268.3379230747 12331.5034487142 12224.6494447601 
15788.5267492969 19136.735333567 16807.6401314973 20092.6209224466 
26301.6565883481
##$VisuCoreDataOffs=( 30 )
0 0 0 0 0 0 0 0 0 0 0 0 0 0 0 0 0 0 0 0 0 0 0 0 0 0 0 0 0 0
##$VisuCoreDataSlope=( 30 )
0.00478963462226025 0.00478963462226025 0.00478963462226025 
0.00478963462226025 0.00478963462226025 0.00478963462226025 
0.00478963462226025 0.00478963462226025 0.00478963462226025 
0.00478963462226025 0.00478963462226025 0.00478963462226025 
0.00478963462226025 0.00478963462226025 0.00478963462226025 
0.00478963462226025 0.00478963462226025 0.00478963462226025 
0.00478963462226025 0.00478963462226025 0.00478963462226025 
0.00478963462226025 0.00478963462226025 0.00478963462226025 
0.00478963462226025 0.00478963462226025 0.00478963462226025 
0.00478963462226025 0.00478963462226025 0.00478963462226025
##$VisuCoreFrameType=( 1 )
MAGNITUDE_IMAGE
##$VisuCoreSlicePacksDef=(0, 1)
##$VisuCoreSlicePacksSlices=( 1 )
(0, 30)
##$VisuCoreSlicePacksSliceDist=( 1 )
0.45
##$VisuCoreWordType=_16BIT_SGN_INT
##$VisuCoreByteOrder=littleEndian
##$VisuFGOrderDescDim=1
##$VisuFGOrderDesc=( 1 )
(30, <FG_SLICE>, <>, 0, 2)
##$VisuGroupDepVals=( 2 )
(<VisuCoreOrientation>, 0) (<VisuCorePosition>, 0)
##$VisuSubjectName=( 65 )
<5704>
##$VisuSubjectId=( 65 )
<5704>
##$VisuSubjectUid=( 65 )
<2.16.756.5.5.100.4219345756.8159.1484665329.263>
##$VisuSubjectInstanceCreationDate=(1484665329, 958, 60)
##$VisuSubjectBirthDate=( 9 )
<20170117>
##$VisuSubjectSex=MALE
##$VisuSubjectType=Quadruped
##$VisuStudyUid=( 65 )
<2.16.756.5.5.100.4219345756.13573.1489757563.147>
##$VisuStudyDate=<2017-03-17T14:32:43,899+0100>
##$VisuStudyId=( 65 )
<ofMpF>
##$VisuStudyNumber=6
##$VisuSubjectWeight=0.0323
##$VisuStudyReferringPhysician=( 65 )
<CHo>
##$VisuStudyDescription=( 2048 )
<\
>
##$VisuExperimentNumber=11
##$VisuProcessingNumber=1
##$VisuSeriesDate=<2017-03-17T14:59:41,228+0100>
##$VisuSubjectPosition=Head_Supine
##$VisuSeriesTypeId=( 65 )
<ACQ_BRUKER_PVM>
##$VisuManufacturer=( 65 )
<Bruker BioSpin MRI GmbH>
##$VisuAcqSoftwareVersion=( 65 )
<6.0>
##$VisuInstitution=( 65 )
<ETH Zuerich>
##$VisuStation=( 65 )
<BioSpec 70/16>
##$VisuAcqDate=<2017-03-17T14:54:31,264+0100>
##$VisuAcqEchoTrainLength=8
##$VisuAcqSequenceName=( 40 )
<Bruker:RARE>
##$VisuAcqNumberOfAverages=8
##$VisuAcqImagingFrequency=300.328775979969
##$VisuAcqImagedNucleus=( 8 )
<1H>
##$VisuAcqRepetitionTime=( 1 )
2500
##$VisuAcqPhaseEncSteps=120
##$VisuAcqPixelBandwidth=277.777777777778
##$VisuAcqFlipAngle=90
##$VisuAcqSize=( 2 )
180 120
##$VisuAcqImageSizeAccellerated=No
##$VisuAcqGradEncoding=( 2 )
read_enc phase_enc
##$VisuAcqEchoTime=( 1 )
21
##$VisuAcquisitionProtocol=( 65 )
<TurboRARE>
##$VisuAcqScanTime=300000
##$VisuAcqAntiAlias=( 2 )
1 1
##$VisuAcqEchoSequenceType=Both
##$VisuAcqSpinsVelocityEncoded=No
##$VisuAcqHasTimeOfFlightContrast=No
##$VisuAcqIsEpiSequence=No
##$VisuAcqSpectralSuppression=FatSuppression
##$VisuAcqKSpaceTraversal=RectilinearTraversal
##$VisuAcqEncodingOrder=( 2 )
LinearEncoding LinearEncoding
##$VisuAcqKSpaceTrajectoryCnt=1
##$VisuAcqKSpaceFiltering=( 2 )
NO_WDW NO_WDW
##$VisuAcqFlowCompensation=FlowNone
##$VisuAcqSpoiling=GradientSpoiled
##$VisuAcqSaturation=( 1 )
(FovSaturation, 6, 0.00770212657969371 -0.998010329121009 0.0625784324981539, 
-0.0485097818209056 6.28570081518909 -0.394133500114514)
##$VisuAcqPartialFourier=( 2 )
1 1
##$VisuAcqParallelReductionFactor=( 2 )
1 1
##$VisuAcqMagnetizationTransfer=No
##$VisuAcqBloodSignalNulling=No
##$VisuCardiacSynchUsed=No
##$VisuRespSynchUsed=No
##END=
